1	16200569	16200929	1	TTTTTTTTTT	16200730	16200739
1	16248673	16248913	1	TTTTTTTTTTT	16248729	16248739
1	36203493	36203733	1	AAAAAAAAAAAAAa	36203702	36203715
1	39796853	39802373	2	ttttttttttttttttttt	39796854	39796872
1	39796853	39802373	2	TTTTTTTTTTTT	39802339	39802350
1	46597451	46597691	1	TTTTTTTTTTT	46597497	46597507
1	51924382	51924502	1	aaaaaaaaaaaaaa	51924408	51924421
1	51937295	51937475	1	AAAAAAAAAA	51937329	51937338
1	67666379	67666619	1	TTTTTTTTTT	67666402	67666411
1	67672569	67672809	1	ttttttttttttttttttt	67672570	67672588
1	78432316	78432666	2	AAAAAAAAAAAAAA	78432507	78432520
1	78432316	78432666	2	aaaaaaaaaaa	78432648	78432658
1	78435563	78435743	1	AAAAAAAAAAAA	78435702	78435713
1	92467535	92467775	1	TTTTTTTTTT	92467717	92467726
1	114092074	114092314	1	TTTTTTTTTTTT	114092112	114092123
1	114123103	114123343	1	TTTTTTTTTT	114123142	114123151
1	114186290	114186470	1	TTTTTTTTTT	114186352	114186361
1	114224768	114224948	1	TTTTTTTTTTTTTTTT	114224783	114224798
1	114940496	114940676	1	AAAAAAAAAAAA	114940633	114940644
1	145014040	145014340	1	AAAAAAAAAAAA	145014187	145014198
1	150798964	150799144	1	tttttttttttt	150799126	150799137
1	150804246	150804426	1	AAAAAAAAAAAAAAAA	150804402	150804417
1	150825678	150825798	1	aaaaaaaaaaa	150825758	150825768
1	150848940	150849120	1	CCCCCCCCCCC	150849072	150849082
1	161293323	161293503	1	ttttttttttt	161293493	161293503
1	161309273	161309453	1	TTTTTTTTTTT	161309336	161309346
1	175086057	175086357	1	TTTTTTTTTT	175086062	175086071
1	175087678	175087978	1	TTTTTTTTTT	175087684	175087693
1	175116016	175116256	1	TTTTTTTTTTTTTTT	175116047	175116061
1	186315222	186315462	1	AAAAAAAAAA	186315235	186315244
1	202735596	202735716	1	aaaaaaaaaaaaa	202735635	202735647
1	202736000	202736240	1	TTTTTTTTTT	202736223	202736232
1	204494595	204494775	1	tttttttttttttt	204494757	204494770
1	204495425	204495605	1	tttttttttt	204495596	204495605
1	205588920	205590000	1	AAAAAAAAAA	205589976	205589985
1	213341138	213341378	1	TTTTTTTTTT	213341189	213341198
1	226258995	226259235	1	AAAAAAAAAAAAAAAAA	226259213	226259229
1	243736168	243736408	1	TTTTTTTTTTTTTTT	243736211	243736225
2	33487719	33487959	1	TTTTTTTTTT	33487749	33487758
2	42481668	42482230	2	TTTTTTTTTTTTTTT	42481758	42481772
2	42481668	42482230	2	tttttttttt	42482220	42482229
2	42482470	42483825	1	AAAAAAAAAA	42482784	42482793
2	42491768	42492299	1	tttttttttt	42492239	42492248
2	42493735	42497369	1	tttttttttttttttt	42493791	42493806
2	42499163	42499654	1	aaaaaaaaaaaaaaaaaaa	42499218	42499236
2	42499681	42504724	1	tttttttttttttt	42504711	42504724
2	42506019	42506619	1	aaaaaaaaaaaa	42506077	42506088
2	42506019	42506619	1	tttttttttttttt	42506602	42506615
2	42522468	42526829	1	tctctctctctctctctctc	42523618	42523637
2	42522468	42526829	1	ctctctctctctctctctct	42523619	42523638
2	42527073	42529692	1	AAAAAAAAAA	42528698	42528707
2	42527073	42529692	1	ttttttttttttttt	42529677	42529691
2	42532313	42533634	1	tttttttttt	42533625	42533634
2	42536511	42537561	1	aaaaaaaaaaaaaaaa	42536572	42536587
2	42536511	42537561	1	ttttttttttttt	42536588	42536600
2	42538659	42539728	1	aaaaaaaaaaaa	42538681	42538692
2	42538659	42539728	1	ttttttttttttttt	42539698	42539712
2	42540529	42540822	1	AAAAAAAAAAAA	42540667	42540678
2	42541060	42541213	1	aaaaaaaaaaaaa	42541077	42541089
2	42541435	42544705	2	aaaaaaaaaaaa	42541499	42541510
2	42541435	42544705	2	aaaaaaaaaa	42543021	42543030
2	42552550	42553432	1	AAAAAAAAAA	42553087	42553096
2	42552550	42553432	1	atatatatatatatatatatatatatatatatatat	42552744	42552779
2	42552550	42553432	1	tatatatatatatatatatatatatatatatatata	42552743	42552778
2	47600535	47600775	1	TTTTTTTTTT	47600582	47600591
2	47635496	47635736	1	TTTTTTTTTTTTT	47635524	47635536
2	47641338	47641578	1	aaaaaaaaaaaaaaaaaaa	47641560	47641578
2	48032711	48032891	1	TTTTTTTTTTTTT	48032741	48032753
2	48033897	48034077	1	ttttttttttt	48033898	48033908
2	48045843	48046023	1	aaaaaaaaaaa	48046013	48046023
2	61143961	61144201	1	TTTTTTTTTT	61143994	61144003
2	61725747	61726113	1	AAAAAAAAAAA	61726051	61726061
2	85360762	85364752	1	GGGGGGGGGGG	85363055	85363065
2	85365042	85366162	1	ttttttttttt	85366123	85366133
2	85369563	85371434	1	tgtgtgtgtgtgtgtgtgtgtgtg	85369564	85369587
2	85369563	85371434	1	gtgtgtgtgtgtgtgtgtgtgtgt	85369565	85369588
2	85371441	85371928	2	aaaaaaaaaaaaaaaaa	85371541	85371557
2	85371441	85371928	2	aaaaaaaaaa	85371725	85371734
2	85371441	85371928	1	tgtgtgtgtgtgtgtgtgtgtgtgtgtgtg	85371843	85371872
2	85371441	85371928	1	gtgtgtgtgtgtgtgtgtgtgtgtgtgtgt	85371844	85371873
2	85372086	85372976	1	aaaaaaaaaaaaaaaa	85372188	85372203
2	85373903	85375941	1	tttttttttttttttttttt	85375895	85375914
2	85376182	85376714	1	tttttttttt	85376657	85376666
2	85376910	85377369	1	tttttttttt	85377360	85377369
2	85379850	85380474	1	ttttttttttt	85380464	85380474
2	85380750	85382017	1	ttttttttttttt	85381947	85381959
2	85395008	85395768	1	ttttttttttttt	85395750	85395762
2	85395008	85395768	1	acacacacacacacacacacacacacacac	85395316	85395345
2	85395008	85395768	1	cacacacacacacacacacacacacacaca	85395317	85395346
2	85395981	85396519	1	ttttttttttttt	85396486	85396498
2	85404091	85404694	1	aaaaaaaaaaaaaaaaaaaaaaa	85404110	85404132
2	85404797	85413102	4	ttttttttttt	85407334	85407344
2	85404797	85413102	4	ttttttttttt	85407358	85407368
2	85404797	85413102	4	ttttttttttt	85412386	85412396
2	85404797	85413102	4	ttttttttttttttttttt	85413084	85413102
2	85413376	85418703	1	TTTTTTTTTT	85416333	85416342
2	85418928	85419635	1	aaaaaaaaaaaaaaaa	85418949	85418964
2	85418928	85419635	1	tttttttttt	85419515	85419524
2	85419755	85420540	1	ttttttttttttttttt	85419815	85419831
2	85420647	85421308	1	aaaaaaAAAAA	85421092	85421102
2	85430812	85432735	2	ttttttttttt	85431955	85431965
2	85430812	85432735	2	ttttttttttttttt	85432661	85432675
2	85430812	85432735	1	cccccccccccccc	85431415	85431428
2	85439192	85445353	1	aaaaaaaaaaaaaaaaaaaaaaaaaaa	85439213	85439239
2	85447768	85449188	1	aaaaaaaaaaaaaa	85449055	85449068
2	85449762	85450321	1	aaaaaaaaaaaaaaaaaaaa	85449793	85449812
2	85453509	85454992	2	TTTTTTTTTTTTTTTTTT	85453940	85453957
2	85453509	85454992	2	tttttttttttttt	85454562	85454575
2	85455112	85455242	1	aaaaaaaaaaaaaaaaaaaaaaaa	85455116	85455139
2	85455932	85456052	1	aaaaaaaaaaa	85455975	85455985
2	85467031	85467631	2	aaaaaaaaaaaaaaaaa	85467068	85467084
2	85467031	85467631	2	aaaaaaaaaa	85467086	85467095
2	85467883	85468573	1	aaaaaaaaaaaaaaaaaaa	85467900	85467918
2	85467883	85468573	1	ttttttttttttt	85468561	85468573
2	85472942	85477576	2	aaaaaaaaaaaaaaa	85472957	85472971
2	85472942	85477576	2	AAAAAAAAAA	85476124	85476133
2	85472942	85477576	1	ttttttttttt	85477566	85477576
2	85484073	85487526	1	aaaaaaaaaaaa	85484106	85484117
2	85487545	85487665	1	aaaaaaaaaa	85487605	85487614
2	85487776	85488743	1	tgtgtgtgtgtgtgtgtgtgtgtgtgtgtgtgtgtgtgtgtgtgtgtg	85488248	85488295
2	85487776	85488743	1	gtgtgtgtgtgtgtgtgtgtgtgtgtgtgtgtgtgtgtgtgtgtgtgt	85488247	85488294
2	85488821	85494200	3	aaaaaaaaaaa	85488850	85488860
2	85488821	85494200	3	AAAAAAAAAAAAA	85489516	85489528
2	85488821	85494200	3	aaaaaaaaaaaaa	85492416	85492428
2	85488821	85494200	1	TTTTTTTTTTTT	85492890	85492901
2	85494735	85495662	1	aaaaaaaaaaaaaaaaaa	85494773	85494790
2	85494735	85495662	1	ttttttttttttttttttt	85495595	85495613
2	85495782	85497828	1	AAAAAAAAAAAAAAAAA	85495891	85495907
2	85499715	85502892	1	aaaaaaaaaaaaaa	85499755	85499768
2	85503012	85508157	1	aaaaaaaaaaaaaaaaaa	85503043	85503060
2	85503012	85508157	1	tttttttttttttt	85508144	85508157
2	85509371	85510749	1	CCCCCCCCCC	85510389	85510398
2	85509371	85510749	1	tgtgtgtgtgtgtgtgtgtgtgtgtgtgtgtgtgtgtgtgtgtgtgtg	85509918	85509965
2	85509371	85510749	1	gtgtgtgtgtgtgtgtgtgtgtgtgtgtgtgtgtgtgtgtgtgtgtgt	85509919	85509966
2	128028850	128029090	1	AAAAAAAAAAA	128029066	128029076
2	175689113	175689293	1	AAAAAAAAAAA	175689250	175689260
2	175712340	175712520	1	aaaaaaaaaaaaaaaaaaa	175712502	175712520
2	190670342	190670642	1	AAAAAAAAAAA	190670540	190670550
2	190717321	190717561	1	AAAAAAAAAA	190717518	190717527
2	192228407	192228647	1	TTTTTTTTTT	192228434	192228443
2	198264714	198265178	1	AAAAAAAAAA	198264716	198264725
2	208442205	208442505	1	TTTTTTTTTT	208442484	208442493
2	209101757	209101937	1	AAAAAAAAAA	209101906	209101915
2	209109975	209110215	2	AAAAAAAAAA	209110007	209110016
2	209109975	209110215	2	AAAAAAAAAA	209110176	209110185
2	209116094	209116334	1	AAAAAAAAAA	209116300	209116309
2	212495132	212495372	1	AAAAAAAAAAA	212495337	212495347
2	212578196	212578436	1	AAAAAAAAAAAAAA	212578380	212578393
2	216296501	216296741	1	TTTTTTTTTTT	216296731	216296741
3	10076796	10076976	1	TTTTTTTTTT	10076843	10076852
3	10093985	10094225	1	ttttttttttttt	10094207	10094219
3	10128744	10128984	1	ttttttttttttttttttt	10128966	10128984
3	12633158	12634249	2	tttttttttttttttt	12633425	12633440
3	12633158	12634249	2	ttttttttttttttttttt	12634231	12634249
3	12634521	12634672	1	ttttttttttttt	12634595	12634607
3	12634786	12636591	1	ttttttttttttttttttt	12635286	12635304
3	12636766	12637694	1	ttttttttttttt	12637379	12637391
3	12639283	12639643	1	ttttttttttttttt	12639510	12639524
3	12640240	12642156	1	aaaaaaaaaaaa	12640241	12640252
3	12644095	12646768	1	AAAAAAAAAA	12644517	12644526
3	12649453	12650463	1	aaaaaaaaaaaaaaaaaaa	12649454	12649472
3	25679584	25679824	1	aaaaaaaaaaaaaaaaaaa	25679806	25679824
3	30691736	30691976	1	AAAAAAAAAA	30691872	30691881
3	37067104	37067524	1	tttttttttttttttt	37067105	37067120
3	52675925	52676105	1	AAAAAAAAAAAAA	52676066	52676078
3	52696100	52696340	1	AAAAAAAAAAA	52696311	52696321
3	60522523	60522763	1	AAAAAAAAAAA	60522572	60522582
3	71021126	71021366	1	AAAAAAAAAA	71021129	71021138
3	77542343	77542583	1	TTTTTTTTTT	77542381	77542390
3	77645717	77645957	1	TTTTTTTTTTT	77645947	77645957
3	96728800	96728920	1	ttttttttttttt	96728830	96728842
3	97198082	97198262	1	TTTTTTTTTTT	97198113	97198123
3	100438795	100438975	1	tttttttttttt	100438798	100438809
3	128363409	128363529	1	aaaaaaaaaaaaa	128363500	128363512
3	142241506	142241746	1	AAAAAAAAAAAA	142241693	142241704
3	142259709	142259949	1	aaaaaaaaaaa	142259710	142259720
3	142274699	142274999	1	TTTTTTTTTT	142274740	142274749
3	143550841	143551081	1	AAAAAAAAAA	143551066	143551075
3	149290598	149290838	1	aaaaaaaaaa	149290606	149290615
3	155642968	155643208	1	tttttttttttttt	155643190	155643203
3	160739923	160740043	1	ttttttttttt	160739924	160739934
3	185155206	185155446	1	TTTTTTTTTTT	185155431	185155441
3	185783581	185784830	1	AAAAAAAAAAAAAAAAAA	185784052	185784069
3	185785391	185787477	1	aaaaaaaaaaaaaa	185785399	185785412
3	185785391	185787477	1	Ttttttttttttttttttt	185787291	185787309
3	185787846	185789685	1	AAAAAAAAAAA	185788988	185788998
3	185790143	185790650	1	aaaaaaaaaaa	185790161	185790171
3	185792559	185799019	2	aaaaaaaaaaaaaaaaaaaaaaa	185792649	185792671
3	185792559	185799019	2	aaaaaaaaaa	185796323	185796332
3	185801850	185802090	1	aaaaaaaaaaaaaaaaaaa	185802072	185802090
3	185823551	185826785	1	AAAAAAAAAAAA	185825793	185825804
3	195792287	195792527	1	ggggggggggggggg	195792289	195792303
4	1919838	1920378	1	TTTTTTTTTT	1919853	1919862
4	1940149	1940329	1	ttttttttttttttttttt	1940150	1940168
4	5630253	5630493	1	AAAAAAAAAAA	5630471	5630481
4	54265831	54266071	1	TTTTTTTTTT	54265884	54265893
4	54325445	54325685	1	ttttttttttttttttttt	54325446	54325464
4	55976531	55976997	1	AAAAAAAAAAAAA	55976948	55976960
4	66286100	66286340	1	AAAAAAAAAA	66286114	66286123
4	88048133	88048313	1	TTTTTTTTTT	88048164	88048173
4	99214490	99214730	1	TTTTTTTTTTT	99214538	99214548
4	99313046	99313286	1	TTTTTTTTTT	99313083	99313092
4	99339754	99339994	1	TTTTTTTTTT	99339795	99339804
4	103505786	103506026	1	AAAAAAAAAAAA	103505787	103505798
4	123374816	123375056	1	TTTTTTTTTTTT	123374820	123374831
4	144442544	144442784	1	TTTTTTTTTTT	144442568	144442578
4	153268006	153268246	1	aaaaaaaaaaaaaa	153268228	153268241
4	187560846	187560966	1	AAAAAAAAAA	187560861	187560870
5	14388694	14388814	1	TTTTTTTTTTTTTTTTT	14388798	14388814
5	14485146	14485386	1	ttTTTTTTTTTTT	14485162	14485174
5	55252987	55253167	1	aaaaaaaaaaaa	55252988	55252999
5	56231200	56231380	1	AAAAAAAAAA	56231362	56231371
5	66414483	66414603	1	TTTTTTTTTTT	66414490	66414500
5	67584481	67584661	1	TTTTTTTTTTTT	67584513	67584524
5	80088487	80088727	1	TTTTTTTTTT	80088494	80088503
5	112111305	112111485	1	aaaaaaaaaaaaa	112111310	112111322
5	131924355	131924595	1	TTTTTTTTTT	131924364	131924373
5	131927527	131927767	1	TTTTTTTTTT	131927551	131927560
5	137499216	137499396	1	AAAAAAAAAA	137499257	137499266
5	137506667	137506907	1	AAAAAAAAAAA	137506863	137506873
5	137506982	137507162	1	AAAAAAAAAAAAAAAA	137507105	137507120
5	137508353	137508593	2	aaaaaaaaaaaaaaaaaaaaaaaaaaaaaa	137508355	137508384
5	137508353	137508593	2	aaaaaaaaaa	137508552	137508561
5	137513185	137513425	1	AAAAAAAAAAAA	137513370	137513381
5	145851002	145851182	1	tttttttttttttttt	145851164	145851179
5	145888637	145888877	1	TTTTTTTTTTTT	145888688	145888699
5	170395193	170395433	1	TTTTTTTTTT	170395219	170395228
5	170818248	170818488	1	TTTTTTTTTT	170818291	170818300
5	170818666	170820140	1	ttttttttttttttttt	170819591	170819607
5	170837459	170837639	1	TTTTTTTTTTTTT	170837514	170837526
6	18258118	18258358	1	AAAAAAAAAAA	18258300	18258310
6	28876510	28876908	1	tttttttttttttt	28876890	28876903
6	36569717	36569897	1	ttttttttttttttttttt	36569718	36569736
6	44216319	44216559	1	TTTTTTTTTTT	44216545	44216555
6	91263120	91263360	1	AAAAAAAAAA	91263310	91263319
6	93967120	93967300	1	AAAAAAAAAAA	93967250	93967260
6	106534359	106534539	1	TTTTTTTTTTTT	106534485	106534496
6	117735604	117735784	1	AAAAAAAAAAA	117735717	117735727
6	125232606	125232846	1	aaaaaaaaaaaaa	125232767	125232779
6	125246522	125248243	1	ttttttttttttttttttt	125248225	125248243
6	125248496	125255702	2	tttttttttt	125252121	125252130
6	125248496	125255702	2	tttttttttt	125255693	125255702
6	125256128	125256728	1	aaaaaaaaaaaaaaaaaa	125256479	125256496
6	125256980	125260499	1	tctctctctctctctctctctc	125258416	125258437
6	125256980	125260499	1	ctctctctctctctctctctct	125258415	125258436
6	125260778	125264223	1	aaaaaaaaaaaaaaaaaaa	125260779	125260797
6	125260778	125264223	1	tttttttttttttttt	125264208	125264223
6	125264453	125280426	1	gggggggggggg	125270146	125270157
6	125264453	125280426	1	tgtgtgtgtgtgtgtgtgtgtgtgtgtgtgtgtgtgtgtg	125267284	125267323
6	125264453	125280426	1	gtgtgtgtgtgtgtgtgtgtgtgtgtgtgtgtgtgtgtgt	125267283	125267322
6	125280473	125284211	1	AAAAAAAAAAA	125282648	125282658
6	127469768	127471763	1	atatatatatatatatatat	127471312	127471331
6	127469768	127471763	1	tatatatatatatatatata	127471313	127471332
6	129796480	129796600	1	TTTTTTTTTT	129796506	129796515
6	136710453	136710693	1	AAAAAAAAAAAAAAA	136710670	136710684
6	136846895	136847135	1	tttttttttttttt	136847117	136847130
6	157495932	157496172	1	TTTTTTTTTTTTTT	157495952	157495965
6	161469609	161471049	1	TTTTTTTTTTT	161469632	161469642
6	162683526	162683826	1	aaaaaaaaaaaa	162683815	162683826
6	167416617	167416797	1	TTTTTTTTTTTTT	167416663	167416675
6	167447320	167447500	1	TTTTTTTTTTT	167447490	167447500
6	168348488	168348668	1	TTTTTTTTTT	168348505	168348514
6	168355065	168355245	1	TTTTTTTTTTT	168355108	168355118
7	14021180	14028947	5	AAAAAAAAAA	14023340	14023349
7	14021180	14028947	5	AAAAAAAAAAA	14023642	14023652
7	14021180	14028947	5	aaaaaaaaaaa	14028190	14028200
7	14021180	14028947	5	aaaaaaaaaaaaaa	14028221	14028234
7	14021180	14028947	5	aaaaaaaaaa	14028246	14028255
7	14021180	14028947	1	TTTTTTTTTTTTT	14023247	14023259
7	55157877	55182043	2	AAAAAAAAAAAA	55165514	55165525
7	55157877	55182043	2	AAAAAAAAAAAAA	55167519	55167531
7	55157877	55182043	1	TTTTTTTTTTTTT	55179063	55179075
7	55157877	55182043	2	acacacacacacacacacacacacacacacacacacacacacac	55159541	55159584
7	55157877	55182043	2	acacacacacacacacacac	55163415	55163434
7	55157877	55182043	2	cacacacacacacacacacacacacacacacacacacacaca	55159542	55159583
7	55157877	55182043	2	cacacacacacacacacaca	55163416	55163435
7	6036915	6037095	1	AAAAAAAAAAAAAAAAA	6037058	6037074
7	13979947	13981186	1	aaaaaaaaaa	13979987	13979996
7	13981957	13986437	2	TTTTTTTTTTTT	13985069	13985080
7	13981957	13986437	2	TTTTTTTTTT	13985132	13985141
7	13986688	13996715	3	AAAAAAAAAAAAAAAA	13987018	13987033
7	13986688	13996715	3	AAAAAAAAAAA	13988791	13988801
7	13986688	13996715	3	aaaaaaaaaaaaaaaa	13993297	13993312
7	13986688	13996715	1	TTTTTTTTTTT	13995947	13995957
7	13986688	13996715	1	acacacacacacacacacacacacacacacacacacacacac	13990525	13990566
7	13986688	13996715	1	cacacacacacacacacacacacacacacacacacacacaca	13990526	13990567
7	13996942	13999238	1	AAAAAAAAAAAAAAA	13998669	13998683
7	13999486	14005985	3	aaaaaaaaaaaaaaaaaaaaaaaaaaa	13999508	13999534
7	13999486	14005985	3	aaaaaaaaaa	14000771	14000780
7	13999486	14005985	3	AAAAAAAAAAAAA	14003157	14003169
7	13999486	14005985	2	TTTTTTTTTTT	13999553	13999563
7	13999486	14005985	2	TTTTTTTTTTT	14005079	14005089
7	13999486	14005985	1	acacacacacacacacacacac	14001806	14001827
7	13999486	14005985	1	cacacacacacacacacaca	14001807	14001826
7	14009927	14010595	1	AAAAAAAAAA	14010554	14010563
7	14009927	14010595	1	acacacacacacacacacacac	14009929	14009950
7	14009927	14010595	1	cacacacacacacacacacacaca	14009928	14009951
7	14011676	14011916	1	aaaaaaaaaa	14011741	14011750
7	14012052	14014921	1	tttttttttt	14013270	14013279
7	14015218	14021179	1	acacacacacacacacacac	14018024	14018043
7	26237176	26237558	1	AAAAAAAAAA	26237495	26237504
7	55086911	55091148	1	aaaaaaaaaaaaa	55088579	55088591
7	55086911	55091148	1	acacacacacacacacacacacacacacacacac	55088253	55088286
7	55086911	55091148	1	cacacacacacacacacacacacacacacaca	55088254	55088285
7	55094193	55096574	3	AAAAAAAAAAA	55094562	55094572
7	55094193	55096574	3	AAAAAAAAAA	55094576	55094585
7	55094193	55096574	3	AAAAAAAAAAAAAAAAa	55095669	55095685
7	55094193	55096574	1	atatatatatatatatatatatatatatatatat	55095685	55095718
7	55094193	55096574	1	tatatatatatatatatatatatatatatatata	55095686	55095719
7	55103192	55103312	2	aaaaaaaaaaaa	55103204	55103215
7	55103192	55103312	2	aaaaaaaaaa	55103217	55103226
7	55103444	55108853	1	GGGGGGGGGGGGG	55103965	55103977
7	55109037	55111005	1	aaaaaaaaaa	55109104	55109113
7	55111218	55115179	1	AAAAAAAAAAAAAAAA	55114281	55114296
7	55126213	55157646	4	AAAAAAAAAAAAAAAAA	55142885	55142901
7	55126213	55157646	4	aaaaaaaaaaaaa	55148062	55148074
7	55126213	55157646	4	aaaaaaaaaa	55154967	55154976
7	55126213	55157646	4	aaaaaaaaaaaaa	55154978	55154990
7	55126213	55157646	2	TTTTTTTTTTTTTTTTTT	55133524	55133541
7	55126213	55157646	2	TTTTTTTTTTTTT	55149414	55149426
7	55126213	55157646	1	acacacacacacacacacacacac	55155748	55155771
7	55126213	55157646	1	agagagagagagagagagagag	55129344	55129365
7	55126213	55157646	1	tgtgtgtgtgtgtgtgtgtgtgtgtgtgtgtgtgtgtg	55129306	55129343
7	55126213	55157646	1	cacacacacacacacacacacaca	55155749	55155772
7	55126213	55157646	1	gagagagagagagagagagagaga	55129343	55129366
7	55126213	55157646	1	gtgtgtgtgtgtgtgtgtgtgtgtgtgtgtgtgtgt	55129307	55129342
7	55182769	55210174	1	AAAAAAAAAAAAAAAAAA	55199633	55199650
7	55182769	55210174	2	TTTTTTTTTTTTT	55198981	55198993
7	55182769	55210174	2	TTTTTTTTTTT	55199722	55199732
7	55182769	55210174	1	acacacacacacacacacac	55184230	55184249
7	55182769	55210174	1	cacacacacacacacacaca	55184231	55184250
7	55221654	55222943	1	AAAAAAAAAA	55222611	55222620
7	75185943	75186184	1	aaaaaaaaaaa	75185991	75186001
7	77221447	77221627	1	TTTTTTTTTTT	77221482	77221492
7	77266259	77266439	1	TTTTTTTTTT	77266379	77266388
7	91669949	91670249	1	TTTTTTTTTTTTTTTTT	91669961	91669977
7	91712446	91713046	1	AAAAAAAAAAAA	91713017	91713028
7	91713895	91714313	1	TTTTTTTTTTTTT	91714093	91714105
7	104946830	104947070	1	AAAAAAAAAA	104946932	104946941
7	116409659	116409959	1	TTTTTTTTTTTTTTT	116409676	116409690
7	126086097	126086457	1	AAAAAAAAAA	126086437	126086446
7	138188971	138189211	1	ttttttttttttttttttt	138189193	138189211
7	140434353	140434593	1	aaaaaaaaaaa	140434575	140434585
7	140481943	140482380	1	AAAAAAAAAAAAAAAA	140482264	140482279
7	140487077	140488435	1	aaaaaaaaaaaaaaaaaaaaaaaa	140487101	140487124
7	140488992	140489562	1	aaaaaaaaaa	140489020	140489029
7	140496063	140498081	1	aaaaaaaaaaaaaaaa	140496149	140496164
7	140498323	140498683	1	ttttttttttttttttttttt	140498360	140498380
7	140507990	140508170	1	aaaaaaaaaaaaaaaaaaa	140508152	140508170
7	148543505	148543745	1	AAAAAAAAAAA	148543694	148543704
7	151873252	151875112	1	aaaaaaaaaaaa	151875101	151875112
7	151891033	151891419	1	AAAAAAAAAAAA	151891359	151891370
7	151919028	151919208	1	AAAAAAAAAAA	151919160	151919170
7	152055625	152055805	1	AAAAAAAAAAAAA	152055767	152055779
8	109050251	109056785	3	aaaaaaaaaaaaaaaaaaaa	109053432	109053451
8	109050251	109056785	3	AAAAAAAAAAAA	109055828	109055839
8	109050251	109056785	3	AAAAAAAAAAAA	109056382	109056393
8	109050251	109056785	1	ttttttttttt	109050986	109050996
8	2986317	2986437	1	TTTTTTTTTT	2986326	2986335
8	3443599	3443839	1	AAAAAAAAAAA	3443800	3443810
8	3611387	3611627	1	TTTTTTTTTTTT	3611417	3611428
8	17882825	17883229	1	TTTTTTTTTTT	17882846	17882856
8	30933625	30933865	1	TTTTTTTTTTTT	30933817	30933828
8	30938357	30938837	1	TTTTTTTTTT	30938371	30938380
8	30981968	30982208	1	AAAAAAAAAA	30981973	30981982
8	38138922	38139162	1	AAAAAAAAAAA	38138964	38138974
8	38880628	38880868	1	tttttttttt	38880852	38880861
8	38940139	38940259	1	TTTTTTTTTTTTT	38940144	38940156
8	38959355	38959475	1	TTTTTTTTTT	38959364	38959373
8	42761268	42761448	1	CCCCCCCCCC	42761289	42761298
8	42829203	42829383	1	tttttttttt	42829374	42829383
8	42868417	42868597	1	TTTTTTTTTTTTTT	42868456	42868469
8	48731853	48732093	1	aaaaaaaaaaaaaaaaaaa	48732075	48732093
8	48866831	48867071	1	TTTTTTTTTT	48866910	48866919
8	48868380	48868560	1	AAAAAAAAAA	48868518	48868527
8	67759385	67759625	1	TTTTTTTTTTTT	67759412	67759423
8	71036891	71037131	1	AAAAAAAAAAA	71037104	71037114
8	89198610	89198850	1	aaaaaaaaaaaaaaaaaaa	89198832	89198850
8	95423325	95423565	1	AAAAAAAAAA	95423552	95423561
8	99734999	99735239	1	AAAAAAAAAA	99735210	99735219
8	109003484	109003725	1	acacacacacacacacacacacacacacacacac	109003486	109003519
8	109003484	109003725	1	cacacacacacacacacacacacacacacacaca	109003485	109003518
8	109004613	109011051	1	AAAAAAAAAAA	109010426	109010436
8	109011943	109012968	1	AAAAAAAAAAAA	109012044	109012055
8	109011943	109012968	1	TTTTTTTTTT	109012763	109012772
8	109013408	109014163	1	AAAAAAAAAA	109013980	109013989
8	109014283	109015298	1	ttttttttttttttttt	109015280	109015296
8	109015686	109025756	4	AAAAAAAAAA	109018837	109018846
8	109015686	109025756	4	AAAAAAAAAAAAA	109021016	109021028
8	109015686	109025756	4	aaaaaaaaaaa	109022290	109022300
8	109015686	109025756	4	aaaaaaaaaaaaaaaaa	109023363	109023379
8	109029504	109033945	1	AAAAAAAAAAAAAAA	109032306	109032320
8	109035121	109036980	3	aaaaaaaaaaa	109035150	109035160
8	109035121	109036980	3	aaaaaaaaaaa	109035162	109035172
8	109035121	109036980	3	aaaaaaaaaaa	109036664	109036674
8	109039170	109044818	2	aaaaaaaaaaaaaaaaaaaaaaaa	109042348	109042371
8	109039170	109044818	2	aaaAAAAAAA	109044082	109044091
8	109039170	109044818	2	tttttttttttt	109041188	109041199
8	109039170	109044818	2	tttttttttttttttttttttttttttttttttttttt	109041283	109041320
8	109045264	109047697	1	aaaaaaaaaaaaaaaaaaaaaaaaaaaaa	109045278	109045306
8	109059998	109060756	1	aaaaaaaaaaaaaa	109060085	109060098
8	109067292	109068589	1	AAAAAAAAAA	109068018	109068027
8	109068859	109069003	1	aaaaaaaaaaaa	109068860	109068871
8	109077307	109077427	1	aaaaaaaaaa	109077401	109077410
8	109077460	109077998	2	aaaaaaaaaaaaaaaaa	109077518	109077534
8	109077460	109077998	2	aaaaaaaaaaaaaaaaaa	109077888	109077905
8	109078300	109080051	1	TTTTTTTTTT	109078679	109078688
8	109080304	109081441	1	aaaaaaaaaa	109080307	109080316
8	109082732	109084565	1	tttttttttttttttttt	109084548	109084565
8	109087611	109094909	4	aaaaaaaaaaaaaa	109087709	109087722
8	109087611	109094909	4	AAAAAAAAAA	109090757	109090766
8	109087611	109094909	4	AAAAAAAAAAAAAA	109091927	109091940
8	109087611	109094909	4	AAAAAAAAAA	109094420	109094429
8	109087611	109094909	2	ttttttttttt	109087907	109087917
8	109087611	109094909	2	TTTTTTTTTT	109092582	109092591
8	113323180	113323420	1	AAAAAAAAAA	113323407	113323416
8	113515987	113516227	1	aaaaaaaaaa	113516210	113516219
8	117864727	117864967	1	aaaaaaaaaaaaaa	117864953	117864966
8	117866415	117866775	1	TTTTTTTTTT	117866427	117866436
8	117868310	117868550	1	aaaaaaaaaaaaaaaaaaa	117868532	117868550
8	145738582	145738882	1	GGGGGGGGGGG	145738583	145738593
9	2083319	2083439	1	TTTTTTTTTTTT	2083326	2083337
9	2088436	2088676	1	TTTTTTTTTT	2088641	2088650
9	5073651	5073831	1	TTTTTTTTTT	5073682	5073691
9	8341058	8341298	1	AAAAAAAAAAAA	8341281	8341292
9	8484068	8484428	1	AAAAAAAAAA	8484398	8484407
9	14088147	14088387	1	aaaaaaaaaa	14088154	14088163
9	15472568	15472808	1	AAAAAAAAAAA	15472612	15472622
9	20346386	20346626	1	aaaaaaaaaaaa	20346394	20346405
9	80343386	80343626	1	AAAAAAAAAAAAAA	80343588	80343601
9	93650732	93650972	1	AAAAAAAAAAAA	93650759	93650770
9	101911435	101911675	1	ttttttttttt	101911437	101911447
9	107556609	107556849	1	AAAAAAAAAAAAAAAAAA	107556794	107556811
9	107623895	107624135	1	AAAAAAAAAAAA	107624124	107624135
9	123886165	123886405	1	TTTTTTTTTTT	123886191	123886201
9	123922380	123922620	1	TTTTTTTTTTT	123922401	123922411
9	131455881	131456491	1	TTTTTTTTTTTT	131456160	131456171
9	132658065	132658305	1	TTTTTTTTTTTT	132658079	132658090
9	132665093	132665333	1	tttttttttt	132665322	132665331
9	133591748	133592200	1	tttttttttttt	133592136	133592147
9	133593684	133594644	1	aaaaaaaaaaaaaaaaaaaa	133593705	133593724
9	133596380	133596500	1	aaaaaaaaaaaaaa	133596391	133596404
9	133597120	133597240	1	ttttttttttttttttt	133597210	133597226
9	133600101	133600652	1	aaaaaaaaaaaaaaaaaaaAAAA	133600135	133600157
9	133601105	133601225	1	tttttttttttttt	133601212	133601225
9	133601296	133602031	1	aaaaaaaaaa	133601406	133601415
9	133603089	133603544	1	CCCCCCCCCCCC	133603139	133603150
9	133604108	133605143	1	ttttttttttttt	133605128	133605140
9	133605394	133605514	1	tttttttttttttt	133605434	133605447
9	133606633	133609046	4	Tttttttttt	133607299	133607308
9	133606633	133609046	4	ttttttttttt	133607406	133607416
9	133606633	133609046	4	TTTTTTTTTTTTT	133608165	133608177
9	133606633	133609046	4	tttttttttttttttttttttt	133608963	133608984
9	133609260	133609620	1	ttttttttttttt	133609606	133609618
9	133610648	133611277	1	TTtttttttttt	133610865	133610876
9	133612914	133613262	1	ttttttttttttttttt	133613219	133613235
9	133614579	133618425	2	TTTTTTTTTTTT	133614750	133614761
9	133614579	133618425	2	ttttttttttttttttttttttt	133616207	133616229
9	133618715	133619605	1	TTTTTTTTTTTT	133619458	133619469
9	133620213	133620486	1	aaaaaaaaaaaaaaaaa	133620244	133620260
9	133620213	133620486	1	ttttttttttttttttt	133620468	133620484
9	133620719	133622528	1	AAAAAAAAAAA	133620863	133620873
9	133620719	133622528	1	TTTTTTTTTTTTT	133621610	133621622
9	133623123	133623941	1	tttttttttt	133623799	133623808
9	133629868	133632677	1	aaaaaaaaaaaaaaaaaaaaaaa	133629895	133629917
9	133629868	133632677	1	TTTTTTTTTTTTTT	133631716	133631729
9	133634067	133635443	1	tttttttttttttttttttttttttt	133635351	133635376
9	133635474	133636074	1	ttttttttttttt	133636056	133636068
9	133637422	133638030	1	aaaaaaaaaaaaaaa	133637532	133637546
9	133638274	133640068	1	aaaaaaaaaaaaaaaaa	133638297	133638313
9	133638274	133640068	1	TTTTTTTTTTTTT	133638564	133638576
9	133642966	133644730	1	tttttttttttttt	133644717	133644730
9	133645054	133645638	1	tTTTTTTTTT	133645573	133645582
9	133648936	133651719	1	aaaaaaaaaaa	133651135	133651145
9	133648936	133651719	1	tttttttttttttttttttt	133649016	133649035
9	133651885	133655403	1	aaaaaaaaaaaaaa	133651964	133651977
9	133655626	133657474	2	TTTTTTTTTT	133657171	133657180
9	133655626	133657474	2	tttttttttt	133657456	133657465
9	133661222	133665845	1	aaaaaaaaaaaaaaaaaaaaaaaaaaa	133661316	133661342
9	133661222	133665845	1	acacacacacacacacacacac	133664913	133664934
9	133661222	133665845	1	cacacacacacacacacaca	133664914	133664933
9	133665965	133668364	1	tttttttttt	133666019	133666028
9	133672602	133672842	1	aaaaaaaaaaaaaaaaaaaaaaaaaaaaa	133672624	133672652
9	133674404	133675289	1	tttttttttttt	133675261	133675272
9	133675516	133676356	1	aaaaaaaaaaa	133675849	133675859
9	133675516	133676356	1	ttttttttttttt	133676316	133676328
9	133676901	133677566	1	ttttttttttttttt	133677483	133677497
9	133678553	133679459	1	aaaaaaaaaaaa	133679448	133679459
9	133682450	133682695	1	aaaaaaaaaa	133682537	133682546
9	133683294	133683615	1	AAAAAAAAAAAAA	133683471	133683483
9	133685800	133686611	2	aaaaaaaaaa	133686002	133686011
9	133685800	133686611	2	aaaaaaaaaaa	133686492	133686502
9	133687304	133687516	1	aaaaaaaaaaaaaaaaaaaa	133687305	133687324
9	133687636	133688344	1	aaaaaaaaaaaa	133687749	133687760
9	133688932	133689412	1	aaaaaaaaaaaaaaaaaaaaaaaa	133688949	133688972
9	133689661	133689990	1	aaaaaaaaaa	133689673	133689682
9	133691808	133692044	1	TTTTTTTTTTTTT	133691920	133691932
9	133697598	133698227	2	tttttttttttttttttttttttt	133697827	133697850
9	133697598	133698227	2	tttttttttt	133698192	133698201
9	133698433	133701584	1	tttttttttttt	133701543	133701554
9	133702444	133703057	1	aaaaaaaaaa	133702467	133702476
9	133703318	133703550	1	aaaaaaaaaa	133703352	133703361
9	133704990	133706993	1	AAAAAAAAAA	133706802	133706811
9	133707712	133711913	1	AAAAAAAAAAAAAA	133707717	133707730
9	133712183	133714296	2	aaaaaaaaaaaaaaaaaaaaaa	133712212	133712233
9	133712183	133714296	2	AAAAAAAAAAAAAA	133712937	133712950
9	133714445	133716114	1	tttttttttttttttt	133714465	133714480
9	133716158	133716597	1	ttttttttttt	133716541	133716551
9	133717100	133719966	1	aaaaaaaaaa	133717199	133717208
9	133717100	133719966	1	TTTTTTTTTTTT	133719879	133719890
9	133720108	133720828	1	ttttttttttttt	133720735	133720747
9	133720948	133723622	1	AAAAAAAAAAAAA	133721247	133721259
9	133720948	133723622	1	TTTTTTTTTT	133722761	133722770
9	133720948	133723622	1	tgtgtgtgtgtgtgtgtgtgtgtgtgtg	133721469	133721496
9	133720948	133723622	1	gtgtgtgtgtgtgtgtgtgtgtgtgt	133721470	133721495
9	133723792	133724103	1	aaaaaaaaaaaaaaaaaaa	133723905	133723923
9	133724223	133724984	1	aaaaaaaaaaaa	133724330	133724341
9	133726586	133727089	1	tttttttttt	133726965	133726974
9	133727675	133728567	2	AAAAAAAAAA	133728066	133728075
9	133727675	133728567	2	AAAAAAAAAAA	133728252	133728262
9	133727675	133728567	1	tttttttttt	133728558	133728567
9	134014646	134014886	1	ttttttttttttttttttt	134014647	134014665
9	134062602	134062782	1	tttttttttttt	134062771	134062782
9	134067563	134067743	1	ttttttttttttttttttt	134067564	134067582
9	135772783	135773023	1	AAAAAAAAAAAAAAAAAA	135773001	135773018
X	15822068	15822481	2	aaaaaaaaaaaa	15822073	15822084
X	15822068	15822481	2	AAAAAAAAAAAA	15822105	15822116
X	15822068	15822481	1	TTTTTTTTTT	15822391	15822400
X	20194298	20194673	1	AAAAAAAAAA	20194480	20194489
X	20206543	20206723	1	TTTTTTTTTT	20206603	20206612
X	24516921	24517041	1	TTTTTTTTTTTT	24516926	24516937
X	41428899	41429019	1	AAAAAAAAAA	41429005	41429014
X	41530572	41530812	1	TTTTTTTTTTTT	41530656	41530667
X	44918209	44918389	1	TTTTTTTTTTTTTT	44918222	44918235
X	44920526	44920706	1	TTTTTTTTTT	44920542	44920551
X	44935886	44936126	1	TTTTTTTTTTTTT	44935925	44935937
X	44949918	44950158	1	TTTTTTTTTTT	44949952	44949962
X	48122568	48123404	1	aaaaaaaaaa	48122569	48122578
X	48243939	48244179	1	TTTTTTTTTTTTTTT	48243984	48243998
X	48270129	48270369	1	AAAAAAAAAAAAAA	48270312	48270325
X	52727787	52728027	1	tttttttttt	52727792	52727801
X	52734114	52734354	1	AAAAAAAAAAAAAA	52734297	52734310
X	52782201	52782441	1	TTTTTTTTTTTTTT	52782247	52782260
X	52786236	52787118	2	aaaaaaaaaaaaaaaaaaaaaaaaaaaaa	52786237	52786265
X	52786236	52787118	2	aaaaaaaaaa	52786279	52786288
X	52788530	52788770	1	aaaaaaaaaa	52788758	52788767
X	53655415	53655655	1	aaaaaaaaaaaaaaaaaaa	53655416	53655434
X	76972543	76972783	1	AAAAAAAAAA	76972554	76972563
X	118753916	118754096	1	AAAAAAAAAAAAAA	118754065	118754078
X	132838176	132838356	1	AAAAAAAAAAAAA	132838306	132838318
X	133527477	133527717	1	TTTTTTTTTT	133527689	133527698
10	114278440	114298136	3	AAAAAAAAAAA	114286468	114286478
10	114278440	114298136	3	AAAAAAAAAA	114288263	114288272
10	114278440	114298136	3	aaaaaaaaaaaaaa	114291242	114291255
10	114278440	114298136	4	TTTTTTTTTTTT	114293329	114293340
10	114278440	114298136	4	TTTTTTTTTT	114293672	114293681
10	114278440	114298136	4	tttttttttt	114296348	114296357
10	114278440	114298136	4	TTTTTTTTTT	114297931	114297940
10	114278440	114298136	2	atatatatatatatatatatatat	114280408	114280431
10	114278440	114298136	2	atatatatatatatatatatatatat	114297072	114297097
10	114278440	114298136	1	acacacacacacacacacacacacacacacacacacacac	114290824	114290863
10	114278440	114298136	2	tatatatatatatatatatatatata	114280407	114280432
10	114278440	114298136	2	tatatatatatatatatatatatata	114297071	114297096
10	114278440	114298136	1	tgtgtgtgtgtgtgtgtgtgtgtgtg	114280381	114280406
10	114278440	114298136	1	cacacacacacacacacacacacacacacacacacacaca	114290823	114290862
10	114278440	114298136	1	gtgtgtgtgtgtgtgtgtgtgtgtgt	114280382	114280407
10	8115667	8116027	1	aaaaaaaaaaaaaaaaaa	8115669	8115686
10	21875159	21875339	1	TTTTTTTTTTTTT	21875206	21875218
10	21901208	21901448	1	TTTTTTTTTTTT	21901256	21901267
10	27037466	27037706	1	AAAAAAAAAAA	27037488	27037498
10	27054076	27054316	1	AAAAAAAAAAA	27054256	27054266
10	32327033	32327213	1	aaaaaaaaaaaaaaa	32327038	32327052
10	50680894	50681134	1	AAAAAAAAAA	50680934	50680943
10	51573238	51573478	1	aaaaaaaaaa	51573344	51573353
10	61612265	61612505	1	AAAAAAAAAAAA	61612467	61612478
10	63759784	63760144	1	TTTTTTTTTTTTT	63760088	63760100
10	89720583	89720886	1	ttttttttttttttt	89720634	89720648
10	93578954	93579134	2	TTTTTTTTTTTT	93579004	93579015
10	93578954	93579134	2	TTTTTTTTTTTTTTT	93579118	93579132
10	105752319	105752439	1	TTTTTTTTTTTTTTTT	105752332	105752347
10	105752696	105752936	1	TTTTTTTTTTT	105752716	105752726
10	114222982	114223823	1	AAAAAAAAAAAAA	114223387	114223399
10	114226543	114227495	1	aaaaaaaaaaa	114227225	114227235
10	114230484	114232871	3	AAAAAAAAAA	114231442	114231451
10	114230484	114232871	3	AAAAAAAAAAA	114231561	114231571
10	114230484	114232871	3	aaaaaaaaaa	114232741	114232750
10	114230484	114232871	2	ttttttttttttttttttttt	114231127	114231147
10	114230484	114232871	2	TTTTTTTTTTTTTTTT	114232293	114232308
10	114234075	114234385	1	ttttttttttttttt	114234218	114234232
10	114238896	114244770	1	AAAAAAAAAA	114243033	114243042
10	114245063	114247039	1	TTTTTTTTTT	114246576	114246585
10	114247128	114252287	1	ttttttttttttttttt	114250371	114250387
10	114252407	114254329	2	aaaaaaaaaaaaa	114252533	114252545
10	114252407	114254329	2	aaaaaaaaaa	114252548	114252557
10	114254539	114256065	1	tttttttttttttttttttttttt	114254956	114254979
10	114254539	114256065	1	cccccccccccccccc	114255945	114255960
10	114256328	114256808	1	aaaaaaaaaaaa	114256330	114256341
10	114257090	114259932	1	aaaaaaaaaa	114258296	114258305
10	114257090	114259932	1	TTTTTTTTTT	114258504	114258513
10	114260105	114261907	1	aaaaaaaaaa	114260218	114260227
10	114260105	114261907	1	tttttttttttttttttttt	114261784	114261803
10	114261979	114265446	2	tttttttttt	114264261	114264270
10	114261979	114265446	2	tttttttttt	114265437	114265446
10	114265550	114270186	1	ttttttttttt	114266713	114266723
10	114270198	114271043	1	ttttttttttttttt	114271005	114271019
10	114711158	114720452	4	ttttttttttttttttttttttt	114716104	114716126
10	114711158	114720452	4	tttttttttttttttttttttttttt	114716950	114716975
10	114711158	114720452	4	TTTTTTTTTTT	114718930	114718940
10	114711158	114720452	4	TTTTTTTTTTT	114719742	114719752
10	114725388	114725663	1	tgtgtgtgtgtgtgtgtgtgtgtgtgtgtgtgtgtgtgtgtgtgtgtg	114725389	114725436
10	114725388	114725663	1	gtgtgtgtgtgtgtgtgtgtgtgtgtgtgtgtgtgtgtgtgtgtgt	114725390	114725435
10	114728627	114731089	1	tgtgtgtgtgtgtgtgtgtg	114729926	114729945
10	114734465	114735395	1	tttttttttt	114734744	114734753
10	114735515	114738241	2	TTTTTTTTTTTTTTTT	114736735	114736750
10	114735515	114738241	2	ttttttttttttt	114738229	114738241
10	114739444	114740427	1	tttttttttttttt	114740387	114740400
10	114740642	114742410	1	aaaaaaaaaaaaa	114741068	114741080
10	114740642	114742410	1	TTTTTTTTTT	114741984	114741993
10	114742638	114742967	1	tttttttttt	114742895	114742904
10	114743249	114747921	1	TTTTTTTTTTTTTTTTTT	114747175	114747192
10	114743249	114747921	1	tgtgtgtgtgtgtgtgtgtgtgtgtgtgtgtg	114745620	114745651
10	114743249	114747921	1	gtgtgtgtgtgtgtgtgtgtgtgtgtgtgt	114745621	114745650
10	114748119	114750210	1	AAAAAAAAAAAAA	114749121	114749133
10	114751250	114752536	1	aaaaaaaaaaa	114751267	114751277
10	114753787	114754495	1	aaaaaaaaaaaaaaa	114753814	114753828
10	114754811	114758812	1	tttttttttttttttt	114757861	114757876
10	114758914	114764514	2	TTTTTTTTTTT	114761269	114761279
10	114758914	114764514	2	tttttttttt	114764438	114764447
10	114764638	114772908	1	tttttttttttttttttttttt	114772874	114772895
10	114774885	114775307	1	ttttttttttttttttttttt	114775206	114775226
10	114775431	114775851	1	ttttttttttttttt	114775823	114775837
10	114775955	114778421	2	TTTTTTTTTTT	114776493	114776503
10	114775955	114778421	2	ttttttttttttttttttttttttt	114778204	114778228
10	114778496	114783226	1	TTTTTTTTTTTTT	114779558	114779570
10	114784090	114784425	1	tttttttttttttttttttt	114784376	114784395
10	114785349	114785689	1	tttttttttttttttt	114785640	114785655
10	114786023	114786143	1	tttttttttttt	114786078	114786089
10	114786169	114789336	1	ttttttttttttttttttt	114789284	114789302
11	65265199	65273958	1	AAAAAAAAAAAAA	65273569	65273581
11	65265199	65273958	3	TTTTTTTTTTTT	65268480	65268491
11	65265199	65273958	3	TTTTTTTTTTT	65270091	65270101
11	65265199	65273958	3	TTTTTTTTTTTTT	65271780	65271792
11	3741841	3742081	1	aaaaaaaaaaaaaaaaa	3742063	3742079
11	3756334	3756574	1	aaaaaaaaaaaaa	3756560	3756572
11	3789761	3790001	1	aaaaaaaaaa	3789989	3789998
11	8486192	8486432	1	AAAAAAAAAAAAA	8486376	8486388
11	8494610	8494850	1	aaaaaaaaaa	8494832	8494841
11	19798947	19799127	1	TTTTTTTTTTTTT	19798952	19798964
11	19864352	19879435	1	AAAAAAAAAAAAAAAAAA	19865305	19865322
11	19864352	19879435	2	ttttttttttttttt	19866369	19866383
11	19864352	19879435	2	TTTTTTTTTTTTTT	19875301	19875314
11	19879648	19880704	1	TTttttttttttttttttttt	19880684	19880704
11	20083788	20083968	1	TTTTTTTTTT	20083833	20083842
11	48142527	48142887	1	tttttttttttttttt	48142529	48142544
11	70268593	70268713	1	TTTTTTTTTT	70268594	70268603
11	85737281	85737461	1	AAAAAAAAAA	85737414	85737423
11	102056685	102056925	1	TTTTTTTTTTTTTTT	102056723	102056737
11	102076600	102076840	1	TTTTTTTTTT	102076601	102076610
11	102080181	102080361	1	AAAAAAAAAAAAAAA	102080326	102080340
11	106807316	106807496	1	TTTTTTTTTTTT	106807444	106807455
11	108114659	108114899	1	ttttttttttttttt	108114662	108114676
11	108121403	108121823	1	TTTTTTTTTTTTTTT	108121411	108121425
11	108141935	108142175	1	TTTTTTTTTTTTTTT	108141956	108141970
11	108151688	108151928	1	TTTTTTTTTT	108151698	108151707
11	108188053	108188293	1	TTTTTTTTTTTTT	108188267	108188279
11	108548981	108549221	1	AAAAAAAAAAAAA	108549187	108549199
11	111989954	111990074	1	tttttttttttttttttttt	111989991	111990010
11	117030604	117030784	1	TTTTTTTTTTT	117030625	117030635
11	118348649	118349625	1	ttttttttttt	118349477	118349487
11	118349678	118351490	1	TTTTTTTTTT	118351036	118351045
11	118352276	118353415	1	TTTTTTTTTTTTTTTT	118353038	118353053
11	118356761	118357453	1	aaaaaaaaaa	118357426	118357435
11	118356761	118357453	1	tttttttttttt	118357091	118357102
11	118359918	118361023	1	aaaaaaaaaaaaaaaaaaaaa	118359947	118359967
11	118369043	118369283	1	AAAAAAAAAAaaaaa	118369266	118369280
11	118626041	118626281	1	AAAAAAAAAAA	118626216	118626226
12	432155	432395	1	aaaaaaaaaaaaaaaaaaa	432377	432395
12	463182	463422	1	aaaaaaaaaa	463406	463415
12	496336	496516	1	AAAAAAAAAAAAAA	496393	496406
12	498054	498294	1	GGGGGGGGGGGGGGG	498268	498282
12	12022330	12024201	1	tttttttttttttttttt	12024132	12024149
12	12024415	12025498	1	ttttttttttttttttttttt	12025429	12025449
12	12027294	12027503	1	aaaaaaaaaaaaaa	12027311	12027324
12	12027950	12033930	3	aaaaaaaaaa	12027981	12027990
12	12027950	12033930	3	AAAAAAAAAAAAAA	12031763	12031776
12	12027950	12033930	3	aaaaaaaaaaaaaaaaaaa	12032967	12032985
12	12027950	12033930	1	tttttttttttttttt	12030237	12030252
12	12034050	12036221	1	ttttttttttt	12036211	12036221
12	12044414	12044594	1	AAAAAAAAAAA	12044535	12044545
12	40753033	40753273	1	TTTTTTTTTT	40753045	40753054
12	51181928	51182168	1	ttttttttttttt	51181971	51181983
12	59307709	59307889	1	AAAAAAAAAAA	59307849	59307859
12	69208334	69208514	1	tttttttttt	69208335	69208344
12	69214039	69214219	1	TTTTTTTTTTTT	69214082	69214093
12	78540070	78540250	1	AAAAAAAAAA	78540175	78540184
12	99056169	99056638	1	tttttttttt	99056217	99056226
12	99059269	99059629	1	TTTTTTTTTT	99059317	99059326
12	99059931	99060171	1	TTTttttttt	99060156	99060165
12	99117359	99117599	1	TTTTTTTTTTTTTTTT	99117398	99117413
12	100709303	100709543	1	tttttttttt	100709304	100709313
12	112306507	112306747	1	tttttttttttttt	112306513	112306526
12	120166242	120166482	1	aAAAAAAAAA	120166261	120166270
12	132495990	132496230	1	TTTTTTTTTT	132496183	132496192
12	132539481	132539818	1	TTTTTTTTTTTT	132539501	132539512
12	133237532	133237772	1	AAAAAAAAAAAAAA	133237754	133237767
13	20656092	20656332	1	TTTTTTTTTTTTT	20656139	20656151
13	28609600	28609840	1	AAAAAAAAAA	28609814	28609823
13	28979853	28980093	1	AAAAAAAAAA	28980037	28980046
13	32893187	32893487	1	TTTTTTTTTT	32893198	32893207
13	32904991	32905231	1	tttttttttttt	32905220	32905231
13	48953655	48953835	1	aaaaaaaaaaaaaa	48953656	48953669
13	48954144	48954264	1	TTTTTTTTTTTTT	48954160	48954172
13	48954274	48954454	1	ttttttttttt	48954283	48954293
13	48955360	48955600	1	TTTTTTTTTT	48955364	48955373
13	49039099	49039542	1	ttttttttttttttttttt	49039100	49039118
14	21869496	21869736	1	TTTTTTTTTT	21869706	21869715
14	21876412	21876772	1	AAAAAAAAAA	21876733	21876742
14	50895365	50895485	1	AAAAAAAAAA	50895476	50895485
14	50942940	50943060	1	AAAAAAAAAAAAAAA	50943035	50943049
14	50952267	50952387	1	AAAAAAAAAA	50952368	50952377
14	56078695	56079312	1	TTTTTTTTTTTTT	56078700	56078712
14	56103874	56104114	1	ttttttttttttt	56104096	56104108
14	56107795	56107975	1	TTTTTTTTTT	56107824	56107833
14	56116422	56116602	1	TTTTTTTTTT	56116577	56116586
14	56137396	56137576	1	TTTTTTTTTT	56137399	56137408
14	58825835	58825955	1	ttttttttttt	58825836	58825846
14	58832188	58832428	1	ttttttttttttttttttt	58832189	58832207
14	62164500	62164740	1	TTTTTTTTTT	62164551	62164560
14	62212351	62212591	1	AAAAAAAAAA	62212360	62212369
14	68331698	68331938	1	ttttttttttttttttttt	68331699	68331717
14	68944282	68944462	2	TTTTTTTTTTT	68944322	68944332
14	68944282	68944462	2	TTTTTTTTTTTTTT	68944344	68944357
14	75573994	75574234	1	tttttttttt	75574216	75574225
14	81574838	81575078	1	ttttttttttttt	81574839	81574851
14	92440908	92441148	1	AAAAAAAAAAAAA	92441130	92441142
14	95582760	95583060	1	AAAAAAAAAA	95583036	95583045
14	96117175	96119571	2	TTTTTTTTTTTTT	96119092	96119104
14	96117175	96119571	2	TTTTTTTTTTT	96119138	96119148
14	96120411	96121349	1	aaaaaaaaaa	96120990	96120999
14	96121425	96121545	1	tctctctctctctctctctctctctctctctctctc	96121426	96121461
14	96121425	96121545	1	ctctctctctctctctctctctctctctctctctct	96121427	96121462
14	96121642	96124826	1	aaaaaaaaaaaa	96121911	96121922
14	96128177	96130217	1	aaaaaaaaaaaaaaaaaaaaaaa	96129235	96129257
14	96128177	96130217	1	ttttttttttttttt	96130203	96130217
14	96130479	96132143	1	tttttttttttttt	96132125	96132138
14	96145142	96145614	2	aaaaaaaaaaaaaaaaaaaaaaaaa	96145153	96145177
14	96145142	96145614	2	aaaaaaaaaaaaaAAAAAAAAA	96145554	96145575
14	96178977	96179160	1	aaaaaaaaaaaA	96179119	96179130
15	40235553	40235793	1	ttttttttttttttttttt	40235554	40235572
15	40259512	40260112	1	TTTTTTTTTTTTTTT	40259520	40259534
15	40458451	40458571	1	tttttttttttt	40458541	40458552
15	79231437	79231557	1	AAAAAAAAAA	79231524	79231533
15	84442218	84442458	1	TTTTTTTTTT	84442241	84442250
15	84650990	84652130	1	TTTTTTTTTTT	84651007	84651017
15	84685072	84685312	1	TTTTTTTTTT	84685119	84685128
15	91303301	91303541	1	TTTTTTTTTTTT	91303326	91303337
15	99192767	99192947	1	ttttttttttt	99192768	99192778
15	99439939	99440179	1	TTTTTTTTTT	99439964	99439973
16	3807779	3808079	1	AAAAAAAAAAAAA	3808053	3808065
16	3828639	3828879	1	TTTTTTTTTT	3828848	3828857
16	7743252	7743432	1	TTTTTTTTTTTTTT	7743419	7743432
16	7759449	7759689	1	TTTTTTTTTT	7759450	7759459
16	11444452	11444692	1	aaaaaaaaaaa	11444455	11444465
16	12145683	12146103	1	TTTTTTTTTTTTTTT	12145684	12145698
16	15892466	15892646	2	aaaaaaaaaaaaaa	15892467	15892480
16	15892466	15892646	2	aaaaAAAAAA	15892482	15892491
16	18882624	18882864	1	AAAAAAAAAAAAAAA	18882660	18882674
16	18883760	18884000	1	AAAAAAAAAAA	18883764	18883774
16	31195466	31195776	1	ttttttttttttttttt	31195760	31195776
16	31196128	31196589	1	TTTTTTTTTTTT	31196225	31196236
16	31202696	31202876	1	ttttttttttttttttt	31202699	31202715
16	77317790	77318030	1	tttttttttt	77318021	77318030
16	79619731	79619911	1	aaaaaaaaaaa	79619732	79619742
17	79953814	79953994	1	AAAAAAAAAA	79953982	79953991
17	1265142	1265322	1	aaaaaaaaaaaaa	1265305	1265317
17	1326755	1326995	1	AAAAAAAAAAAAA	1326756	1326768
17	5268358	5268598	1	aaaaaaaaaaa	5268359	5268369
17	8052522	8052702	1	aaaaaaaaaa	8052532	8052541
17	16041408	16041588	1	AAAAAAAAAA	16041579	16041588
17	16056590	16056770	1	AAAAAAAAAAA	16056615	16056625
17	19702787	19702907	1	AAAAAAAAAAAAAAA	19702893	19702907
17	19744770	19744890	1	AAAAAAAAAAA	19744866	19744876
17	27829553	27829793	1	TTTTTTTTTTTTT	27829589	27829601
17	29482952	29483192	1	TTTTTTTTTT	29482978	29482987
17	29508675	29508855	1	TTTTTTTTTTTTTTTT	29508820	29508835
17	29528375	29528555	1	TTTTTTTTTT	29528407	29528416
17	29559068	29559308	1	ttttttttttttttttttt	29559069	29559087
17	29562867	29563107	1	TTTTTTTTTTTTT	29563076	29563088
17	30293100	30293280	1	TTTTTTTTTTTTTT	30293150	30293163
17	30302467	30302767	1	TTTTTTTTTTT	30302737	30302747
17	30320835	30321075	1	TTTTTTTTTTT	30320861	30320871
17	30321541	30321781	1	TTTTTTTTTTT	30321557	30321567
17	34151021	34151261	1	TTTTTTTTTTTTTT	34151246	34151259
17	34161495	34161675	1	TTTTTTTTTT	34161649	34161658
17	38494863	38494983	1	aaaaaaaaaaaaaaaaaaaaa	38494959	38494979
17	41262513	41262633	1	aaaaaaaaaaaaaaaaa	41262605	41262621
17	41607421	41608895	1	tgtgtgtgtgtgtgtgtgtgtgtgtg	41607979	41608004
17	41607421	41608895	1	gtgtgtgtgtgtgtgtgtgtgtgtgt	41607978	41608003
17	41609786	41610324	1	aaaaaaaaaaa	41609865	41609875
17	41617776	41622456	1	tctctctctctctctctctc	41620646	41620665
17	41617776	41622456	1	ctctctctctctctctctct	41620645	41620664
17	45217240	45217420	1	AAAAAAAAAAA	45217349	45217359
17	45234552	45234792	1	AAAAAAAAAAAAA	45234761	45234773
17	57762381	57762621	1	TTTTTTTTTTT	57762403	57762413
17	59857571	59857811	1	AAAAAAAAAAA	59857600	59857610
17	62152507	62152627	1	aaaaaaaaaaaaaaa	62152612	62152626
18	2577108	2577228	1	tttttttttttttt	2577215	2577228
18	22642555	22642735	1	aaaaaaaaaaaaaaaaaaa	22642717	22642735
18	23599766	23604400	2	aaaaaaaaaaaaaa	23599767	23599780
18	23599766	23604400	2	aaaaaaaaaaaaaa	23602402	23602415
18	23604587	23607335	1	aaaaaaaaaaaa	23605827	23605838
18	23607604	23612549	1	aaaaaaaaaaaaaaaaaaaaaaaaaaaaaaaaa	23607636	23607668
18	48584434	48584887	1	TTTTTTTTTTTTTTTT	48584856	48584871
18	50589631	50589871	1	TTTTTTTTTT	50589653	50589662
18	56363576	56363816	1	ttttttttttttttttttt	56363577	56363595
18	56412840	56413080	1	TTTTTTTTTTT	56412883	56412893
18	60770187	60772950	1	tgtgtgtgtgtgtgtgtgtgtgtgtgtgtgtgtgtg	60771216	60771251
18	60770187	60772950	1	gtgtgtgtgtgtgtgtgtgtgtgtgtgtgtgtgt	60771217	60771250
18	60773216	60778081	1	aaaaAAAAAA	60774187	60774196
18	60778109	60781737	1	aaaaaaaaaaAA	60781524	60781535
18	60782822	60789188	2	aaaaaaaaaaaaaaaa	60782844	60782859
18	60782822	60789188	2	aaaaaaaaaaaa	60785361	60785372
18	60782822	60789188	1	tttttttttttttttt	60789173	60789188
18	60782822	60789188	1	agagagagagagagagagagagag	60783609	60783632
18	60782822	60789188	1	gagagagagagagagagagagaga	60783610	60783633
19	16186783	16187023	1	CCCCCCCCCC	16186814	16186823
19	18583535	18583715	1	aaaaaaaaaaaaaaaaaaa	18583697	18583715
19	18857803	18857983	1	CCCCCCCCCC	18857940	18857949
19	40750300	40750480	1	AAAAAAAAAA	40750324	40750333
19	41759438	41759678	1	CCCCCCCCCCCC	41759632	41759643
19	55815387	55815507	1	tttttTTTTTT	55815388	55815398
20	40127875	40128055	1	AAAAAAAAAA	40128012	40128021
20	41306472	41306832	1	AAAAAAAAAAA	41306489	41306499
20	52188217	52188457	1	AAAAAAAAAA	52188400	52188409
21	32597973	32598333	1	AAAAAAAAAAAAAA	32597974	32597987
21	39774428	39774608	1	AAAAAAAAAA	39774593	39774602
21	42837984	42838164	1	AAAAAAAAAA	42838094	42838103
21	42853963	42855259	1	TTTTTTTTTTT	42854021	42854031
21	42855413	42857320	1	tttttttttttttttt	42855694	42855709
21	42855413	42857320	1	tgtgtgtgtgtgtgtgtgtgtgtgtgtgtgtgtg	42857010	42857043
21	42855413	42857320	1	gtgtgtgtgtgtgtgtgtgtgtgtgtgtgtgtgtgt	42857009	42857044
21	42857529	42858251	1	aaaaaaaaaaaaaaaa	42857580	42857595
21	42862013	42863030	2	aaaaaaaaaaaaaaa	42862074	42862088
21	42862013	42863030	2	AAAAAAAAAAAAA	42862135	42862147
21	42867477	42868804	2	aaaaaaaaaaaaaaaa	42867554	42867569
21	42867477	42868804	2	aaaaaaaaaaaaaa	42867843	42867856
21	42867477	42868804	1	tttttttttttttttttttttttttttt	42868757	42868784
21	42873517	42880007	1	aaaaaaaaaaaaaaaaaaaaaaaaaaaa	42873536	42873563
21	44513105	44513470	1	TTTTTTTTTTT	44513111	44513121
22	23523126	23527584	1	tttttttttttt	23526447	23526458
22	23528200	23528923	1	tttttttttt	23528911	23528920
22	23529215	23529705	3	TTTTTTTTTT	23529440	23529449
22	23529215	23529705	3	ttttttttttttttttttt	23529466	23529484
22	23529215	23529705	3	tttttttttttttt	23529687	23529700
22	23529769	23531122	1	TTTTTTTTTT	23530952	23530961
22	23533310	23536631	2	tttttttttt	23536579	23536588
22	23533310	23536631	2	ttttttttttt	23536590	23536600
22	23537592	23537715	1	aaaaaaaaaaaaaaaaaaaa	23537608	23537627
22	23542239	23542775	1	aaaaaaaaaaaaaaa	23542274	23542288
22	23543910	23545160	1	tttttttttt	23545049	23545058
22	23543910	23545160	1	tgtgtgtgtgtgtgtgtgtgtgtgtg	23544909	23544934
22	23543910	23545160	1	gtgtgtgtgtgtgtgtgtgtgtgtgt	23544910	23544935
22	23545258	23548481	1	ttttttttttttttttttt	23547830	23547848
22	23549720	23550830	1	TTTttttttt	23550604	23550613
22	23556006	23564014	1	aaaaaaaaaaaaaaa	23556023	23556037
22	23556006	23564014	1	TTTTTTTTTTTTT	23556394	23556406
22	23567068	23573473	3	TTTTTTTTTTTTTTT	23567379	23567393
22	23567068	23573473	3	ttttttttttttt	23571677	23571689
22	23567068	23573473	3	tttttttttttt	23572240	23572251
22	23567068	23573473	1	agagagagagagagagagagag	23568494	23568515
22	23567068	23573473	1	tgtgtgtgtgtgtgtgtgtgtgtgtg	23568516	23568541
22	23567068	23573473	1	gagagagagagagagagagaga	23568493	23568514
22	23567068	23573473	1	gtgtgtgtgtgtgtgtgtgtgtgtgtgt	23568515	23568542
22	23575968	23577285	2	aaaaaaaaaaaaaa	23575977	23575990
22	23575968	23577285	2	aaaaaaaaaaa	23576001	23576011
22	23582178	23582538	1	tgtgtgtgtgtgtgtgtgtgtgtgtgtgtgtgtgtgtgtg	23582491	23582530
22	23582178	23582538	1	gtgtgtgtgtgtgtgtgtgtgtgtgtgtgtgtgtgtgtgtgt	23582490	23582531
22	23582850	23585862	1	tttttttttttttttttt	23585836	23585853
22	23586115	23588324	1	AAAAAAAAAAAAAAa	23587993	23588007
22	23588344	23590265	1	aaaaaaaaaa	23588456	23588465
22	23590561	23591205	1	TTTTTTTTTTT	23590625	23590635
22	23618548	23620643	1	aaaaaaaaaaaaaaa	23618595	23618609
22	23633398	23636706	1	aaaaaaaaaaaaa	23633399	23633411
22	23633398	23636706	1	tttttttttt	23634615	23634624
22	23641443	23643188	1	atatatatatatatatatatat	23641883	23641904
22	23641443	23643188	1	tatatatatatatatatatatata	23641882	23641905
22	23647260	23649404	1	aaaaaaaaaaaaaaaaa	23647301	23647317
22	29117543	29117663	1	aaaaaaaaaaa	29117625	29117635
22	29120833	29121158	1	AAAAAAAAAA	29120926	29120935
22	29683989	29688859	1	AAAAAAAAAA	29685621	29685630
22	29683989	29688859	1	ttttttttttttttttttt	29688752	29688770
22	29690531	29690661	1	aaaaaaaaaaaaaaaa	29690594	29690609
22	29694468	29694923	1	aaaaaaaaaaaaaaaaaa	29694498	29694515
22	39636808	39636928	1	tctctctctctctctctctc	39636900	39636919
22	40812924	40813104	1	AAAAAAAAAAAA	40813065	40813076
22	41544990	41545230	1	TTTTTTTTTTTTTT	41545025	41545038
22	41550937	41551177	1	TTTTTTTTTTT	41550985	41550995
22	42032065	42032305	1	TTTTTTTTTT	42032104	42032113
